0,1,1,2,3,4,5,4,5,6,7,8,9,10,11$none
12,13,14,15,16,17,18,19,20,21,10,19,22,16,23$StratifiedSampleFormula_1
24,25,18,10,26,27,28,28,28,29,25,30,14,31,10,32,33,10,34,35,36,37,11$@P=1-C(u1,u2)/C(u3,u4)
10,38,11$PRLocalLimitFormula
5,39,10,5,10,5,10,40,18,10,41,30,5,39,18,23$StratifiedSampleFormula_3
10,10,10,42,43,10,10,44,45,11,46$PRSpecialNumFormula_05
47,10,48,12,49,14,18,10,50,10,51,52,18,10,53,52,54,55,28,23$SystemSampleFormula
56,10,57,58,59,60,61,10,10,10,62,63,64,65,66,67,30,14,18,68,5,19,69,15,57,59,18,10,1$StratifiedSampleFormula_5
10,26,51,70,43,32,71,51,70,26,32,71,11$PRDistributeFormula_07
72,73,74,75,76,73,11,51,77,11,51,78,73,73,11$@P=u1/u2
79,51,80,51,81,51,80$@X=u1^2*u2
82,83,10,84,85,10,83,78,26,82,85,11,51,82,64,85,86,87,26,83,11$@P=∑(k=u2>u1)C(u1,k)*(1/2)^k*(1/2)^(u1-k)
88,89,10,90,91,92,93,90,91,94,10,10,49,14,95,18,10,91,55,28,90,23$SystemSampleFormula
78,10,96,10,97,98,10,99,100,10,101,11$PRExtractContainSubsetFormula_01
102,103,104,105,10,106,107,108,109,110,10,111,112,113,10,10,111,114$StratifiedSampleFormula_1
88,89,10,90,91,92,93,90,91,94,10,49,14,95,10,91,55,28,115,23$SystemSampleFormula
116,117,10,42,118,10,119,30,14,117,42,18,68,10,19,18,25,23$StratifiedSampleFormula_1
120,121,10,122,123,10,124,10,125,120,100,10,126,10,127,10,124,10,125,11$PRExtractAllSubsetFormula_01
128,10,129,51,42,62,42,130,131,30,14,10,129,18,10,42,69,15,129,18,132,23$StratifiedSampleFormula_5
133,10,42,134,10,135,11$PRExistElementFormuale
62,10,42,136,137,12,49,14,95,18,68,10,19,138,139$SystemSampleFormula
5,140,100,141,140,142,140,5,11$PRExistElementFormuale
10,96,10,143,10,97,95,100,10,142,10,101,11$PRExtractContainSubsetFormula_01
144,145,146,147,77,10,148,10,69,149,150,151,148,10,77,10,11$PRBindFormula_01
152,10,12,30,14,95,18,68,10,19,69,153,154,19,10,99,155,58,156,157$StratifiedSampleFormula_3
158,10,159,10,160,10,12,30,14,39,18,10,161,42,69,162,163,164,18,161$StratifiedSampleFormula_3
158,10,159,10,160,10,12,30,14,39,18,10,161,42,69,162,159,18,161$StratifiedSampleFormula_3
10,26,32,165,166,167,168,89,148,168,169,148,168,123,11$PRReplacementExtractFormula_01
120,121,10,122,123,10,125,10,124,10,170,120,100,122,11,46$PRExtractContainSubsetFormula_01
171,172,90,10,90,10,119,30,14,90,173,68,10,19,18,90,23$StratifiedSampleFormula_6
174,90,10,90,10,175,30,14,18,18,90,10,18,90$StratifiedSampleFormula_1
10,26,32,165,166,167,168,89,148,168,169,26,148,168,176,11$PRChoiceSameFormula
117,25,10,118,10,30,14,117,177,18,68,10,19,19,25,23$StratifiedSampleFormula_3
10,178,26,32,179,26,32,179,180,176,26,32,178,11$PRChoiceSameFormula
181,182,10,183,10,62,42,136,137,30,14,42,18,68,5,19,78,182,18,10,5$StratifiedSampleFormula_5
116,51,10,42,10,10,10,62,184,185,186,187,42,69,30,10,18,10,42,10,18,42$StratifiedSampleFormula_1
144,145,146,147,77,10,148,10,69,149,150,151,148,10,77,10,11$PRBindFormula_01
90,188,10,122,189,148,10,148,176,122,189,11$PRChoiceSameFormula
10,141,104,10,190,191,192,193,10,194,195,38,11$PRBindFormula_02
196,10,197,198,199,10,141,200,201,202,203,201,204,10,201,205,206,207,10,205,11$PRReplacementExtractFormula_02
92,208,209,10,10,210,211,212,148,77,32,212,148,10,10,10,11$PRExtractContainSubsetFormula_01
213,5,129,121,10,42,15,42,214,137,12,30,14,18,68,10,19,215,5,129,10,42,5,129,10,42,216,5,129,18,42$StratifiedSampleFormula_5
217,218,51,219,220,10,10,221,222,223,218,221,222,224,225,226,10,11$none
227,228,10,229,228,10,230,228,10,10,228,231,123,95,232,233,10,228,228,84,142,10,11$PRReplacementExtractFormula_02
141,234,51,235,10,10,232,192,10,236,237,11$PRBindFormula_01
116,51,10,42,10,10,10,62,184,185,186,187,42,69,30,10,18,10,42,116,18,42$StratifiedSampleFormula_1
238,239,10,124,10,170,122,123,95,240,10,84,241,10,170,11,46$PRClassifyFormula_03
242,243,244,15,10,245,81,19,246,247,248,243,244,249,250,251,252,253,10,53,30,14,173,10,254,15,28,244,255,173$StratifiedSampleFormula_1
39,121,256,10,175,30,14,256,18,68,10,19,78,42,18,23,51,39,16,23$StratifiedSampleFormula_1
257,10,45,10,258,95,232,259,10,26,260,261,262,263,44,45,11$PRExtractSameSubsetFormula_02
264,10,265,10,265,10,265,10,266,265,267,137,95,18,68,10,19,12,30,14,18,265$StratifiedSampleFormula_1
268,10,42,269,10,42,270,10,42,271,10,42,252,137,208,12,30,18,68,10,19,10,18,42$StratifiedSampleFormula_3
272,273,10,274,275,10,276,277,223,276,278,279,188,10,276,278,274,23,51,11$PRBindFormula_01
10,280,10,281,95,100,10,281,11$PRExtractSameSubsetFormula_01
10,282,10,283,10,232,284,10,10,10,283,285,11$PRExtractSameSubsetFormula_01
10,26,286,287,288,289,10,290,291,292,11$PRExtractSameSubsetFormula_01
120,293,294,176,10,10,124,10,125,10,295,95,240,10,10,122,141,11$PRExtractAllSubsetFormula_01
296,239,10,10,125,10,124,122,123,95,232,240,125,11$PRExtractSameSubsetFormula_01
10,38,11$PRBindFormula_02
10,10,10,42,43,10,10,44,45,11,46$PRExtractSameSubsetFormula_01
10,26,51,70,43,32,71,51,70,26,32,71,11$PRDistributeFormula_07
78,10,96,10,97,98,10,99,100,10,101,11$PRExtractSameSubsetFormula_01
120,121,10,122,123,10,124,10,125,120,100,10,126,10,127,10,124,10,125,11$PRExtractAllSubsetFormula_01
133,10,42,134,10,135,11$PRExistElementFormuale
140,5,100,141,140,142,140,5,11$PRExistElementFormuale
10,96,10,143,10,97,95,100,10,142,10,101,11$PRExtractContainSubsetFormula_01
144,145,146,147,77,10,148,10,69,149,150,151,148,10,77,10,11$PRBindFormula_01
10,26,32,165,166,167,168,89,148,168,169,148,168,123,11$PRReplacementExtractFormula_01
120,121,10,122,123,10,125,10,124,10,170,120,100,122,11,46$PRExtractContainSubsetFormula_01
10,26,32,165,166,167,168,89,148,168,169,26,148,168,176,11$PRChoiceSameFormula
10,178,26,32,179,26,32,179,180,176,26,32,178,11$PRChoiceSameFormula
144,145,146,147,77,10,148,10,69,149,150,151,148,10,77,10,11$PRBindFormula_01
90,188,10,122,189,148,10,148,176,122,189,11$PRChoiceSameFormula
10,141,104,10,190,191,192,193,10,194,195,38,11$PRBindFormula_02
297,298,299,10,201,95,18,300,201,301,302,11$PRExtractSameSubsetFormula_01
303,239,10,125,10,122,123,303,232,240,11$PRExtractSameSubsetFormula_01
196,10,197,198,199,10,141,200,201,202,203,201,204,10,201,205,206,207,10,205,11$PRReplacementExtractFormula_02
227,228,10,229,228,10,230,228,10,10,228,231,123,95,232,233,10,228,228,84,142,10,11$PRReplacementExtractFormula_02
304,305,239,170,124,122,176,95,240,306,122,307,305,308,309,240,241,170,11$PRSameChoiceFormula
141,234,51,235,10,10,232,192,10,236,237,11$PRBindFormula_01
238,239,10,124,10,170,122,123,95,240,10,84,241,10,170,11,46$PRClassifyFormula_03
120,10,125,10,124,120,100,10,10,125,11$PRExtractSameSubsetFormula_02
304,310,239,10,124,10,125,122,141,176,95,240,241,125,11$PRExtractSameSubsetFormula_01
303,311,10,125,10,124,10,170,122,176,312,232,240,10,124,11$PRExtractSameSubsetFormula_02
146,313,314,315,316,33,317,10,317,318,10,319,10,320,10,317,321,314,32,317,33,317,18,322,11$PRExtractSameSubsetFormula_02
10,323,176,96,10,324,95,232,18,10,69,154,300,324,59,11$PRExtractSameSubsetFormula_01
10,304,310,325,10,124,10,125,122,123,95,10,241,125,11$PRExtractSameSubsetFormula_02
10,280,10,280,281,220,292,280,11$PRExtractSameSubsetFormula_01
10,326,327,228,102,328,329,10,220,330,228,10,229,10,227,220,232,331,229,228,11$PRExtractSameSubsetFormula_02
104,178,118,10,25,10,332,333,118,11$PRExtractSameSubsetFormula_02
58,334,18,10,69,335,336,10,97,95,100,10,97,11$PRExtractSameSubsetFormula_01
304,238,239,125,10,124,10,170,10,122,141,337,95,232,240,170,11$PRExtractSameSubsetFormula_02
39,10,25,10,118,134,10,338,263,134,263,339,10,11$PRClassifyFormula_03
257,10,45,10,258,95,232,259,10,26,260,261,262,263,44,45,11$PRExtractSameSubsetFormula_02
10,340,10,341,10,342,206,84,10,322,11$PRExtractContainSubsetFormula_01
10,42,10,343,5,344,10,343,5,344,345,43,42,343,141,344,42,11$PRExtractAllSubsetFormula_01
10,280,10,281,95,100,10,281,11$PRExtractSameSubsetFormula_01
10,282,10,283,10,232,284,10,10,10,283,285,11$PRExtractSameSubsetFormula_01
304,296,239,10,122,141,10,125,10,124,310,240,240,125,11$PRExtractSameSubsetFormula_02
10,18,346,10,69,347,300,10,11$PRExtractSameSubsetFormula_01
304,310,239,10,124,10,125,122,141,176,95,240,241,125,11$PRExtractSameSubsetFormula_02
348,349,350,33,351,10,117,10,220,10,43,352,220,353,11$PRChoiceSameFormula
10,117,10,18,10,117,10,69,347,300,10,117,10,11$PRExtractSameSubsetFormula_01
239,293,294,123,10,354,10,355,10,356,10,356,10,122,141,11,46$PRClassifyFormula_03
357,358,220,359,360,361,362,363,360,11$PRExtractSameSubsetFormula_01
10,364,365,304,238,239,122,176,10,124,10,295,10,95,100,295,11$PRExtractNotContainSubsetFormula_03
366,367,5,368,369,370,368,5,370,368,5,369,371,372,232,370,368,369,371,11,46$PRExtractSameSubsetFormula_01
373,373,373,374,11$@P=1/2
0,1,1,2,3,4,5,4,5,6,7,8,9,10,11$none
375,10,376,377,378,379,100,375,10,11$none
5,380,5,381,382,5,383,384,46,380,5,383,385,386,5,11$none
387,388,389,122,61,390,391,392,393,394,388,395,396,392,397,359,122,397,398,11$PRDistributeFormula_07
121,10,26,10,26,399,400,401,26,399,402,401,403,10,26,404,405,399,400,401,26,135,11$PRExtractSameSubsetFormula_01
191,10,237,10,406,95,18,10,237,11$PRExtractSameSubsetFormula_02
407,121,10,408,15,10,336,409,410,411,412,23,51,413,407,409,410,411,11$PRExtractSameSubsetFormula_01
220,358,10,414,31,415,32,416,350,33,220,358,414,11$PRChoiceSameFormula
10,120,239,10,10,120,125,295,10,120,295,170,10,120,240,240,10,127,10,295,125,11$@P=C(u1,u2)*C(u3,u4)/C(u1+u2,u3+u4)
417,418,419,10,376,420,419,421,422,417,281,418,11$PRExtractSameSubsetFormula_01
423,424,425,10,122,10,426,385,427,424,425,425,428,429,430,431,11$PRChoiceSameFormula
423,432,425,284,10,426,4,429,433,434,424,425,429,435,436,424,437,429,426,438,429,438,11$PRChoiceSameFormula
305,239,10,10,125,10,295,10,122,293,294,439,123,308,312,440,441,305,240,11$PRExtractNotContainSubsetFormula_03
366,367,5,368,369,370,368,5,370,368,5,369,371,372,232,370,368,369,371,11,46$PRExtractSameSubsetFormula_01
304,238,294,293,123,122,141,10,95,240,125,11,10,120,125,442$@N=u1*p1
10,443,10,444,445,446,447,448,449,450,201,201,293,294,439,176,451,95,18,201,443,450,11$PRExtractSameSubsetFormula_01
304,238,239,125,10,124,10,170,10,122,141,337,95,232,240,241,170,11$PRExtractSameSubsetFormula_01
452,453,454,455,456,457,38,10,458,459,453,11$PRLocalLimitFormula_01
120,10,125,10,124,10,295,122,176,120,232,240,124,11$PRExtractSameSubsetFormula_02
460,461,462,463,32,464,33,33,465,10,26,32,275,466,467,10,26,468,469,10,26,18,10,467,300,32,33,11$@P=C(u1-1,u2-1)/C(u1,u2)
470,471,472,473,474,10,117,26,278,475,10,117,26,278,475,10,117,26,278,475,44,10,117,26,11$PRLocalLimitFormula_01
476,477,373,10,10,10,11$@P=1/2
304,238,10,122,478,10,479,122,123,10,125,10,240,11,10,240,480,11$u1/(u1+u2+N)=p1#P=N/(u1+u2+N)
481,482,483,360,362,483,360,10,484,485,483,360,360,486,483,176,484,481,482,176,484,11$PRChoiceSameFormula
120,10,125,10,124,10,295,122,176,120,232,240,124,11$PRExtractSameSubsetFormula_02
487,10,488,10,10,324,300,324,59,11$PRExtractSameSubsetFormula_01
489,10,490,470,491,492,10,493,494,33,10,495,10,53,496,32,33,10,32,33,11$PRExtractSameSubsetFormula_01
387,388,389,122,61,390,391,392,393,394,388,395,396,392,397,359,122,397,398,11$PRExtractNotContainSubsetFormula_03
10,497,498,188,499,500,188,501,502,10,180,294,176,498,10,497,499,500,11$@P=(1/u1)^u2
304,238,239,125,10,295,10,10,122,337,95,232,240,241,11$PRExtractSameSubsetFormula_02
265,210,503,504,33,505,10,506,10,340,507,10,318,10,319,10,508,10,318,11$PRExtractSameSubsetFormula_01
304,310,325,10,124,10,125,122,123,95,10,241,125,11$PRExtractSameSubsetFormula_02
136,178,10,118,10,25,10,42,134,260,333,118,509,333,11$PRExtractSameSubsetFormula_01
10,497,498,500,510,511,10,180,176,498,497,511,11$@P=(1/u1)^u2
512,453,513,514,515,516,517,10,458,518,10,458,220,459,11$PRLocalLimitFormula_01
304,303,239,10,294,176,519,10,295,10,124,303,232,240,241,295,11$PRExtractSameSubsetFormula_01
10,10,42,18,10,42,260,520,18,10,42,11$PRExtractSameSubsetFormula_01
345,42,10,521,10,522,284,10,179,523,42,10,521,10,524,43,42,496,496,525,11$PRExtractSameSubsetFormula_01
345,42,10,521,10,522,284,10,179,523,42,10,521,10,372,345,43,521,526,496,496,525,11$PRExtractSameSubsetFormula_01
153,527,477,373,528,10,84,529,10,176,530,11$@P=∑(k=u2>u1)C(u1,k)*(1/2)^k*(1/2)^(u1-k)
42,220,531,532,10,497,10,533,10,534,535,497,286,536,11,10,286,537,11,10,286,538,11$@P=1-p1-p2
304,539,239,10,540,541,240,541,11,10,541$@N=u1/(1-p1)
78,296,239,10,125,10,124,5,295,122,176,296,232,240,125,11,10,5,46$@N=u1/p1-u1-u2
542,10,543,10,62,172,42,136,544,545,252,64,65,66,67,177,18,10,42,69,15,18,546,23,547$StratifiedSampleFormula_3
47,10,48,12,49,14,18,10,50,10,51,10,52,18,10,53,52,54,55,28,23$SystemSampleFormula
56,10,57,58,59,60,61,10,10,10,62,63,64,65,66,67,30,14,18,68,5,19,69,15,57,59,18,10,1$StratifiedSampleFormula_6
88,89,10,90,91,92,93,548,90,91,94,549,550,10,49,14,95,18,10,91,55,28,90,23$SystemSampleFormula
102,103,104,105,10,106,107,108,109,110,10,111,112,113,10,10,111,114$StratifiedSampleFormula_2
88,89,10,90,91,92,93,90,91,94,10,49,14,95,18,10,91,55,28,115,23$SystemSampleFormula
116,117,10,42,118,10,119,30,14,117,42,18,68,10,19,18,25,23$StratifiedSampleFormula_4
128,10,129,10,10,10,10,42,62,42,130,131,30,14,10,129,18,10,42,69,15,129,18,132,23$StratifiedSampleFormula_4
62,10,42,136,137,12,49,14,95,18,68,10,19,138,139$SystemSampleFormula
152,10,12,30,14,95,18,68,10,19,69,551,19,10,99,155,58,156,157$StratifiedSampleFormula_6
158,10,159,10,160,10,12,30,14,39,18,10,161,42,69,162,163,164,18,161$StratifiedSampleFormula_3
158,10,159,10,160,10,12,30,14,39,18,10,161,42,69,162,159,18,161$StratifiedSampleFormula_3
12,49,14,10,53,18,10,50,52,51,51,552,553,12,554,555,14,300,556,10,300,10,53,52,54,55,28,557,5,52,54,55,28,557,5,557,5,300,53,557,5,23$SystemSampleFormula
171,172,90,10,90,10,119,30,14,90,173,68,10,19,18,90,23$StratifiedSampleFormula_6
174,90,10,90,10,175,30,14,18,18,90,10,18,90$StratifiedSampleFormula_3
558,559,62,560,561,562,561,563,564,137,10,414,13,565,566,10,414,561,567,5,568,561,10,10,414,18,561,23,61,51,10,414,561,567,5$@(u1+u2+u3+u4)/N=u1/u5
117,25,10,118,10,30,14,117,177,18,68,10,19,19,25,23$StratifiedSampleFormula_3
181,182,10,183,10,62,42,136,137,30,14,42,18,68,5,19,78,182,18,10,5$StratifiedSampleFormula_3
116,10,10,42,10,10,10,62,184,185,186,187,42,69,30,10,18,10,42,116,18,42$StratifiedSampleFormula_3
116,10,10,42,10,10,10,62,184,185,186,187,42,69,30,10,18,10,42,10,18,42$StratifiedSampleFormula_3
542,10,543,10,62,172,42,136,544,545,252,64,65,66,67,177,18,10,42,69,15,18,569,23,547$StratifiedSampleFormula_3
264,10,265,570,10,265,10,265,10,266,571,267,137,95,18,68,10,19,12,30,14,18,265$StratifiedSampleFormula_3
268,10,42,269,10,42,270,10,42,271,10,42,252,137,208,12,30,18,68,10,19,10,18,42$StratifiedSampleFormula_3
572,48,10,573,574,10,573,575,10,573,576,10,577,10,62,578,137,495,12,30,14,95,18,68,10,19,576,18,23$StratifiedSampleFormula_1
343,519,344,42,116,117,10,10,117,10,175,30,14,10,42,18,19,78,116,117,42,18,10,10,117,42,18,23$StratifiedSampleFormula_1
579,10,580,10,580,10,266,580,267,137,30,14,18,68,10,19,18,580$StratifiedSampleFormula_3
581,69,410,73,15,582,10,410,284,10,61,10,10,10,30,18,10,410,18$StratifiedSampleFormula_1
583,90,10,90,10,30,14,90,18,68,10,19,18,90,23$StratifiedSampleFormula_3
47,48,10,20,48,10,584,48,10,22,48,10,62,585,48,586,137,30,14,95,18,19,19,587,20,48,10,588$StratifiedSampleFormula_1
589,121,10,590,591,559,12,30,14,590,18,68,10,19,78,559,10,590,559,18,592$StratifiedSampleFormula_1
593,594,10,594,10,15,594,595,137,12,30,14,18,68,10,19,19,594,60$StratifiedSampleFormula_1
596,121,48,10,226,10,10,226,10,10,15,48,186,30,14,48,18,68,10,19,18,226,10,48$StratifiedSampleFormula_1
597,10,10,42,10,62,42,598,137,12,117,30,14,42,18,10,19,19,10,42,23$StratifiedSampleFormula_1
528,439,477,373,599,374,180,176,10,373,599,11$@P=C(u1,u2)*(1/2)^u2*(1/2)^(u1-u2)
304,305,239,122,176,10,125,10,124,95,232,240,240,124,11$PRExtractSameSubsetFormula_02
600,601,602,10,603,604,605,606,603,225,607,10,221,222,601,603,604,605,606,11$PRExtractSameSubsetFormula_02
608,609,5,587,10,140,10,176,201,610,518,611,612,100,142,140,5,11$PRExtractSameSubsetFormula_01
317,33,322,11,51,322,11$@P=1-p1
238,239,10,391,10,354,10,355,312,120,240,10,391,11$PRExtractSameSubsetFormula_02
120,125,124,10,122,176,232,240,306,122,307,120,312,232,240,306,122,241,11$@P=C(u1,u2)*C(u3,u4)/C(u1+u2,u3+u4)
296,239,10,10,125,10,124,122,123,95,232,240,125,11$PRExtractSameSubsetFormula_01
220,358,277,10,613,614,615,613,616,220,358,617,618,619,613,300,613,11$PRChoiceSameFormula
620,10,26,459,621,622,405,42,5,458,42,5,623,10,458,42,5,459,10,458,11$PRLocalLimitFormula_01
304,238,239,125,10,295,10,124,10,122,123,120,232,240,241,295,11$PRExtractSameSubsetFormula_02
174,90,10,90,10,175,30,14,18,18,90,10,18,90$StratifiedSampleFormula_6
304,305,239,10,170,10,124,122,176,95,240,10,306,122,307,305,308,309,240,10,241,170,11$PRSameChoiceFormula
624,10,466,625,626,627,628,629,10,630,10,624,308,518,18,631,628,11$PRExtractSameSubsetFormula_01
632,422,627,633,634,10,634,635,322,636,633,637,634,322,11$PRExtractSameSubsetFormula_01
296,239,10,10,125,10,124,122,123,95,232,240,125,11$PRExtractSameSubsetFormula_02
10,497,534,535,536,10,538,10,638,10,639,535,537,11$PRExtractSameSubsetFormula_02
313,640,641,33,469,642,10,42,10,10,69,643,135,644,11$PRExtractSameSubsetFormula_01
304,303,239,10,294,176,519,10,295,10,124,303,232,240,241,295,11$PRExtractSameSubsetFormula_01
600,601,139,10,603,604,605,606,603,225,607,10,221,600,601,603,604,605,606,11$PRExtractSameSubsetFormula_02
10,497,498,500,510,511,10,180,176,498,497,511,11$@P=(1/u1)^u2
645,646,647,399,648,649,10,650,10,651,220,330,652,10,653,652,10,230,652,220,232,654,655,653,652,11$PRExtractSameSubsetFormula_02
10,497,534,535,536,10,538,10,638,10,639,535,537,11$PRExtractSameSubsetFormula_02
10,323,176,96,10,324,95,232,18,69,154,300,324,59,11$PRExtractSameSubsetFormula_01
10,16,10,42,284,179,351,656,32,657,350,33,179,10,16,10,42,235,141,351,658,121$DistributeFormula_01
580,10,313,659,33,508,10,321,660,340,10,33,661,340,10,662,663,318,10,664,10,319,10,664,10,320,10,664,10,33,508,10,320,11$PRExtractSameSubsetFormula_01
313,640,641,33,469,642,10,42,10,10,69,643,135,644,11$PRExtractSameSubsetFormula_01
10,665,10,38,11$PRBindFormula_02
304,305,10,124,10,295,10,125,122,141,123,305,518,240,124,11$PRExtractSameSubsetFormula_02
10,323,176,96,10,324,95,232,18,10,69,154,300,324,59,11$PRExtractSameSubsetFormula_01
78,304,303,239,10,125,10,124,122,176,232,240,10,241,125,11$PRExtractSameSubsetFormula_02
10,497,498,188,500,188,510,511,10,180,294,176,10,497,498,510,511,11$@P=(1/u1)^u2
303,239,10,125,10,122,123,303,232,240,11$PRExtractSameSubsetFormula_02
666,10,629,173,624,629,10,11$PRExtractSameSubsetFormula_01
122,176,10,125,10,124,451,304,667,303,309,240,240,125,11$PRExtractSameSubsetFormula_02
10,497,498,500,510,511,10,180,176,498,497,511,11$@P=(1/u1)^u2
668,648,669,210,670,671,33,672,673,674,675,676,663,69,317,33,677,318,10,319,10,320,10,678,26,679,319,11$PRExtractSameSubsetFormula_01
304,305,239,122,176,10,125,10,124,95,232,240,240,124,11$PRExtractSameSubsetFormula_02
304,305,239,170,124,122,176,95,240,306,122,307,305,308,309,240,241,170,11$PRSameChoiceFormula
423,424,425,425,284,10,294,293,176,426,122,680,391,10,429,681,433,425,423,424,428,429,430,391,426,11$PRExtractSameSubsetFormula_0`
304,238,239,122,176,10,124,10,295,10,95,100,295,11$PRExtractNotContainSubsetFormula_03
357,358,220,359,360,361,10,618,362,220,360,11$PRExtractSameSubsetFormula_01
682,425,683,10,426,4,684,685,685,686,425,685,686,355,4,11$PRExtractSameSubsetFormula_01
687,10,117,10,10,26,10,403,688,689,690,691,692,308,309,692,232,240,690,403,690,11$PRExtractSameSubsetFormula_02
220,693,694,10,53,31,10,32,348,695,33,220,135,11$PRExtractSameSubsetFormula_02
477,373,77,528,11$@P=C(u1,u2)*(1/2)^u2*(1/2)^(u1-u2)
10,497,534,535,536,10,538,10,638,10,639,535,537,11$PRExtractSameSubsetFormula_02
370,368,51,587,369,371,11$PRExtractSameSubsetFormula_02
696,697,624,356,10,698,10,629,10,10,100,629,11$PRExtractSameSubsetFormula_01
304,305,10,124,10,295,10,125,122,141,123,305,518,240,124,11$PRExtractSameSubsetFormula_02
699,648,669,210,20,700,701,33,672,673,674,676,663,69,317,33,10,677,318,10,319,10,320,10,678,26,679,320,11$PRExtractSameSubsetFormula_01
305,239,10,125,10,170,122,176,305,240,125,11$PRExtractSameSubsetFormula_02
10,702,703,89,33,704,705,706,89,707,708,10,709,710,711,10,709,5,709,619,5,709,619,619,5,705,712,11$@P=C(u_1,u_2)*C(u_1,u_2)/C(u_3,u_2)C(u_3,u_2)
304,310,239,10,124,10,125,122,141,176,95,240,241,125,11$PRExtractSameSubsetFormula_02
417,418,419,10,376,420,419,421,422,417,281,418,11$PRExtractSameSubsetFormula_02
425,284,426,4,354,4,391,4,385,713,51,424,429,391,4,11$@P=u1/(u1+u2)
304,120,239,10,125,10,480,122,176,120,240,122,11$@P=C(u1,u2)*C(u3,u4)/C(u1+u3,u_2+u4)
10,497,498,188,500,188,510,511,10,180,294,176,10,497,498,510,511,11$@P=(1/u1)^u2
714,5,715,5,716,5,5,716,5,495,5,232,717,718,718,719,5,11$@P=u1/(u1+u2)
10,117,10,18,10,117,10,69,347,300,10,117,10,11$PRExtractSameSubsetFormula_01
358,10,26,32,720,721,51,722,673,617,723,619,722,358,617,358,300,10,722,11$PRExtractSameSubsetFormula_01
10,51,52,724,725,726,10,11$PRSameChoiceFormula
304,303,10,124,295,122,141,176,240,295,11,10,295$@N=u1*p1
296,239,10,170,10,124,122,176,240,307,312,240,240,170,11$PRSameChoiceFormula
10,497,498,188,500,188,510,511,10,180,294,176,10,497,498,510,511,11$@P=(1/u1)^u2
304,305,239,170,124,478,122,727,305,240,478,307,309,240,478,240,478,124,11$PRSameChoiceFormula
304,305,239,122,176,10,125,10,124,10,240,11$PRExtractSameSubsetFormula_02
133,10,26,43,10,32,33,728,10,11$@P=C(u1-2,u2-1)/C(u1,u2)
5,141,729,730,731,5,732,733,84,732,733,731,732,733,78,5,732,733,11,734,51,731,732,733,11$@P=u1*(u2+u3)
10,735,10,736,10,735,100,10,737,736,11$@P=1-C(u1-u2,u3)/C(u1,u3)
10,178,26,32,179,26,32,179,180,176,26,32,178,11$PRChoiceSameFormula
10,122,738,43,10,739,740,741,10,739,740,354,742,37,740,11$PRChoiceDiffFormula
497,743,535,536,538,744,599,536,745,10,746,747,497,286,536,84,465,748,10,599,538,11$@P=u1/u2
281,749,420,750,419,751,5,140,587,10,51,422,587,752,753,419,754,755,750,11$@P=C(u1,u2)*C(u3,u4)/C(u1+u3,u_2+u4)
756,757,758,10,759,43,26,728,759,176,11$PRSameChoiceFormula
760,761,11,10,762,11,10,11$@P=u1+u2
600,601,139,10,603,604,605,606,603,225,607,10,221,600,601,603,604,605,606,11$PRExtractSameSubsetFormula_02
10,497,534,535,536,10,538,10,638,10,639,535,537,11$PRExtractSameSubsetFormula_02
305,239,10,122,123,241,125,11,10,125$PRExtractSameSubsetFormula_01
26,286,287,288,289,10,290,291,292,11$PRExtractSameSubsetFormula_01
10,763,201,10,443,764,10,443,765,10,443,766,201,312,95,173,201,300,764,201,11$PRExtractSameSubsetFormula_01
767,330,580,768,294,153,769,176,652,10,770,652,10,771,652,10,220,100,10,770,652,11$PRExtractSameSubsetFormula_01
78,296,239,10,125,10,124,5,295,122,176,296,232,240,10,125,11,10,5,46$@N=C(u1,1)/p1-u1-u2
304,303,325,10,391,519,10,355,519,519,122,123,95,240,10,519,240,355,519,11$PRExtractSameSubsetFormula_01
304,305,239,122,176,10,125,10,124,95,232,240,240,124,11$PRExtractSameSubsetFormula_01
304,305,239,122,141,10,125,10,124,734,305,240,478,307,241,125,10,342,241,124,11$@P=(C(u1,1)/C(u1+u2,1))*(C(u2,1)/C(u1+u2-1))
772,10,773,15,10,10,668,774,775,776,774,775,11,777$PRExtractSameSubsetFormula_01
304,303,10,125,5,124,122,123,309,240,241,125,11,10,5$@N=C(u1,1)/p1-u1
232,528,373,84,11$@P=∑(k=u2>u1)C(u1,k)*(p1)^k*(1-p1)^(u1-k)
358,10,26,32,720,721,51,722,673,617,723,619,722,358,617,358,300,10,722,11$PRExtractSameSubsetFormula_01
313,640,641,33,469,642,10,42,10,5,69,643,135,644,11$PRExtractSameSubsetFormula_02
304,303,239,10,124,295,122,141,176,240,124,11,10,295$@N=C(u1,1)/p1-u1
778,289,10,779,289,220,289,763,288,780,781,782,220,783,11$PRExtractSameSubsetFormula_01
121,10,26,10,26,399,400,401,26,399,402,401,403,10,26,404,405,399,400,401,26,135,11$PRExtractSameSubsetFormula_01
304,303,10,124,295,122,141,176,240,295,11,10,295,442$@N=u1/(1-p1)-u1
191,10,237,10,406,95,18,10,237,11$PRExtractSameSubsetFormula_02
304,303,10,124,295,122,141,176,240,295,11,10,295,442$@N=u1/(1-p1)-u1
275,25,118,784,172,785,11,46,1$@P=2*A(u1,u1)*A(u2,u2)/A(u1+u2,u1+u2)
304,238,239,122,141,176,78,238,239,10,125,241,125,11,10,238,157$@N=C(u1,1)/p1
10,786,10,324,95,232,18,10,98,11$@P=C(u1-u2,u3)/C(u1,u3)
296,239,122,141,10,10,125,10,124,95,232,240,10,306,122,307,312,232,240,10,240,10,125,11$@(C(u2,1)/C(u1+u2+u3,1))^u4
310,239,10,125,10,124,10,170,122,176,120,232,240,124,11$PRExtractSameSubsetFormula_02
304,310,325,10,124,10,125,122,123,95,10,241,125,11$PRExtractSameSubsetFormula_02
304,238,239,125,10,295,10,10,122,337,95,232,240,241,11$PRExtractSameSubsetFormula_02
304,238,239,125,10,295,10,10,122,337,95,232,240,241,11,10,465,238,451$@N=(u1+u2)/(1-p1)-u1-u2-u3
304,120,10,125,10,295,122,337,120,240,10,478,295,125,11$@P=C(u1,u2)*C(u3,u4)/C(u1+u2,u3+u4)
304,310,239,10,124,5,295,122,141,176,240,241,295,11,10,1$@N=u1/(1-p1)-u1
220,693,694,10,53,31,10,32,348,695,33,220,135,11$PRExtractSameSubsetFormula_01
787,788,528,789,790,10,271,791,792,793,51,794,528,789,790,599,795,792,11$@P=1-p1
232,477,373,610,11$@P=C(u1,u2)*(1/2)^u2*(1/2)^(u1-u2)
668,796,10,797,587,798,799,800,801,362,802,10,803,10,804,805,806,804,807,808,807,672,809,362,674,10,810,811,674,810,782,664,10,810,205,11$@P=C(u1-u2,1)/C(u3-u2,1)
10,10,812,10,526,813,468,32,39,313,640,814,33,815,816,526,18,10,32,816,526,817,300,11$PRExtractSameSubsetFormula_01
296,239,10,122,141,10,125,10,124,296,232,240,240,125,11$PRExtractSameSubsetFormula_02
818,819,820,693,277,821,822,823,751,556,10,10,51,10,422,235,824,825,420,826,827,11$@P=A(u1,u1)/A(u2,u2)
828,829,599,830,831,11,51,275,10,828,829,84,10,599,830,831,11$@P=∑(k=u2>u1)C(u1,k)*(p1)^k*(1-p1)^(u1-k)
682,425,683,10,426,4,684,685,685,686,425,685,686,355,4,11$PRExtractSameSubsetFormula_01
495,25,10,118,134,26,832,833,263,134,11$@P=C(u1,u2)*C(u3,u4)/C(u1+u2,u3+u4)
369,834,371,11,51,835,836,84,369,371,11$@P=∑(k=u2>u1)C(u1,k)*(p1)^k*(1-p1)^(u1-k)
10,323,176,59,10,324,59,95,232,18,10,69,154,300,324,59,11$PRExtractSameSubsetFormula_01
837,425,33,838,782,10,839,11,10,782,10,839,11,10,782,10,839,11,10,840,839,424,425,782,839,841,842$@N=u1*p1+u2*p2+u3*p3
10,843,844,11$@P=A(u1-1,u1-1)/A(u1,u1)
645,646,647,328,330,768,10,845,10,846,10,847,652,848,141,176,694,518,10,331,845,11$PRExtractSameSubsetFormula_02
238,10,123,478,849,240,478,850,307,240,478,240,849,176,11$PRSameChoiceFormula
851,852,313,853,10,854,42,855,856,42,220,531,532,10,497,10,497,10,534,535,497,286,536,11,10,286,537,11,10,286,538,11$@P=1-p1-p2
460,461,462,463,32,464,33,33,465,10,26,32,275,466,467,10,26,468,469,10,26,18,10,467,300,32,33,11$@P=C(u1-1,u2-1)/C(u1,u2)
857,122,858,10,859,860,240,858,11$PRDistributeFormula_07
304,303,239,10,125,10,295,10,122,727,95,240,478,295,11$PRExtractSameSubsetFormula_02
304,305,239,10,10,125,10,10,480,122,727,305,356,10,125,11$PRExtractSameSubsetFormula_02
304,303,10,124,295,122,141,176,240,124,11,10,295$@N=u1/(1-p1)-u1
476,220,359,362,465,619,362,861,483,360,618,619,413,862,10,342,863,11$@P=(1/3)^u1
10,735,10,736,10,735,100,10,737,10,736,735,11$@P=1-C(u1-u2,u3)/C(u1,u3)
864,359,10,865,861,87,10,10,613,43,10,69,866,613,455,10,867,867,868,613,11$@P=u1*A(u1-1,u2-1)*A(u1-u2,u2-1)/A(u1,u2)
18,10,26,84,10,26,869,10,870,11$PRSameChoiceFormula
239,10,125,10,124,120,100,10,126,10,84,10,124,11$PRClassifyFormula_03
871,62,872,32,657,350,33,873,12,30,14,10,117,872,18,68,10,19,69,15,78,117,10,117,10,117,10,117,872,23,51,163,117,872,18,42$StratifiedSampleFormula_3
874,875,876,11,51,875,877,10,874,84,10,876,11$@P=∑(k=u2>u1)C(u1,k)*(p1)^k*(1-p1)^(u1-k)
303,294,176,10,124,10,170,240,122,141,11$@P=C(u1,1)*C(u2,1)/C(u1+u2,2)
878,879,786,879,880,11,61,10,10,786,64,879,880,86,87,786,880,11$@P=p1*(1-p2)+p2*(1-p1)
39,116,51,10,117,42,23,51,175,30,14,881,10,117,42,18,68,10,19,882,10,117,18,42$StratifiedSampleFormula_3
558,559,62,560,561,563,564,137,10,414,13,565,566,10,414,561,567,5,883,561,10,10,414,18,561,23,61,51,10,414,561,567,5$@(u1+u2+u3+u4)/N=u1/u5
871,62,872,32,657,350,33,873,12,30,14,10,117,872,18,68,10,19,69,15,78,117,10,117,10,117,10,117,872,23,51,163,117,872,18,42$StratifiedSampleFormula_3
10,884,10,885,10,886,887,18,322,11$PRExtractSameSubsetFormula_01
10,32,83,888,11,51,10,888,11$@P=u1*u2*u3
120,239,122,478,478,122,123,10,125,10,124,10,125,10,124,120,356,356,125,11$@P=C(u1,1)*C(u2,1)/(C(u1+u3,1)C(u2+u4,1)))
90,10,889,890,891,10,890,10,892,10,11$@P=C(u1,u2)(p1)^u2*(1-p1)^(u1-u2)
828,829,599,830,831,11,51,275,10,828,829,84,10,599,830,831,11$@P=∑(k=u2>u1)C(u1,k)*(p1)^k*(1-p1)^(u1-k)
120,10,354,10,431,10,391,10,355,10,95,18,10,893,19,18,894,442$StratifiedSampleFormula_3
10,340,10,341,10,342,206,84,10,322,11$PRExtractContainSubsetFormula_01
